$ANSIBLE_VAULT;1.2;AES256;ansible
63363833383631633264326664343535386265336362386633653766363536333131646466356537
3432393864386433656366373463323730303763313737630a613638303264336562613432663231
34323135663138353864306463383639636363636165646134333866663337343034623266396564
3030623665306365630a666433376334656331363464373431346166633634323962623638383535
64303735333332656134666534333364623661356433343431343138303166386336383236373932
32663530666562613361646533383536363965306334633565663635326239626437336530313766
64396135303538613762373562373034326366646432633538313563656164383335393764633731
37303062393266313437663333346263626133633131303363613835356532393638383963376331
34343132663037303037343535636332373462393838376632623535346234643735643434666532
33363936353461623234343064383332303433303665663762333039633338326131323835346261
32643632633162306130336266386530353935373864643963333139346533376134383963396336
31363931383330313161636439626230656663323931633038643230646666313061386233653732
33303464656165666535356136623535333165316333356638336536363365393431656631326330
37323165616239626438643965386635323937393563326635613037333235623966363932343562
38393265333166663236306533323063626134303637643761316363343430663834336431393362
61623363643731306434373333323431383631663830353031393466653866333739306433653833
39313461383137383438376261333064353265393061616639326331373964643362373733633333
35336435643237366638346539366662303031363837353536633334393364623464396530363461
37373731313934653861636164356430656238663939616266646166646437333762303531363763
39373030656333613738343136353537626664396465623764303939613563353737303034666266
6366
